DNI Telefono CUIL Nombre Apellido Correo_e Nro_contrato monto fecha tpo_moneda marca nro_chasis
1 2 3 4 5 6 7 8 9 10 11 12
44718142 2664888023 20447181429 lautaro reynoso lautireynoso@gmail.com 12 200 12/20/2 nada chevrolet 15
44718142 26645 2012 lauti reynoso lauti@gmail.com 20 200 20/10/2022 bitcoin chevrolet 299
1234 14324 234 sdf sdf sdf 234 2345 345645 ARG ford 92
44163766 53861 89765 pedro 8769 39457 74598 98579854.3 757457 ARG ford 92
1513 56 456565 lauti reu sdjf 65 65 3232 ARG blanco 133
4416 1234 1234 1234 1234 1234 1234 1234 1234 ARG blanco 1234
31 31 31 31 31 31 31 3131 31 ARG ford 1234
123123 123 123 123 123 123 1123 123 123 ARG ford 133
31 31 31 31 313 31 31 31 31 ARG ford 92
13 13 13 13 13 13 13 13 13 ARG ford 123
345 2345 234 fgh dfgh 234 456 345 345 ARG ford 234234
234 234 345 456 345 234 345 634 3465 ARG ford 234
321 321 321 321 321 321 321 321 321 ARG blanco 234
234 234234 234 234243 234 234 234 234 234 ARG ford 321
123 123 123 123 123 123 123 123 123 ARG volskwagen 44
1234 1234 1234 1234 1234 1234 1234 1234 1234 ARG blanco 1234
123 123 123 123 123 123 123 123 123 ARG blanco 123
1234 1234 1234 12341234 1234 1234 1234 1234 1234 ARG blanco 1234
143 1234 1243 1234 1234 1243 1234 1324 1243 ARG blanco 1234
2134 234234 234 234 234 234 234 234 234 ARG blanco 1234
1234 1234 1324 1234 1234 12341234 1243 1234 1234 ARG blanco 1234
123 123 123 123 123 123 123 123 123 ARG blanco 123
1234 1234 1234 1234 1234 1234 1234 1234 1234 ARG blanco 5432
142345 2345 2345 2345 2345 2345 2345 2345 2345 ARG blanco 1234
1234 12341 1234 1234 1234 1234 1234 1234 1234 ARG ford 1234
1234 1234 1234 1234 1234 1234 1234123 234 12341 ARG blanco 1234
123 123 123 123 123 123 123 123 123 ARG ford 123
123 123 123 123 123 123 123 1231 123 ARG blanco 1234
123123 123 123 123 123 123 123 123 123 ARG ford 23
1234 1234 1234 1234 1234 1234 12341234 1243 1234 ARG ford 444
543543 543453 543543 354 543543543 354453 423234 324324 243243 ARG ford 345344